=== master ===
M25.40 3.20C25.79 3.59 27.07 4.77 27.73 5.56C28.38 6.35 28.96 7.14 29.35 7.93C29.74 8.71 29.97 9.50 30.05 10.29C30.13 11.07 30.03 11.86 29.82 12.65C29.61 13.44 29.23 14.22 28.78 15.01C28.33 15.80 27.73 16.59 27.13 17.38C26.53 18.16 25.79 18.95 25.18 19.74C24.58 20.53 23.78 21.71 23.50 22.10C23.22 22.49 23.40 22.49 23.50 22.10C23.60 21.71 23.95 20.53 24.09 19.74C24.22 18.95 24.27 18.16 24.32 17.38C24.37 16.59 24.38 15.80 24.39 15.01C24.40 14.22 24.38 13.44 24.38 12.65C24.38 11.86 24.36 11.07 24.38 10.29C24.40 9.50 24.42 8.71 24.49 7.93C24.57 7.14 24.68 6.35 24.83 5.56C24.98 4.77 25.30 3.59 25.40 3.20Z
M44.80 25.40C44.41 25.79 43.23 27.07 42.44 27.73C41.65 28.38 40.86 28.96 40.08 29.35C39.29 29.74 38.50 29.97 37.71 30.05C36.93 30.13 36.14 30.03 35.35 29.82C34.56 29.61 33.77 29.23 32.99 28.78C32.20 28.33 31.41 27.73 30.62 27.13C29.84 26.53 29.05 25.79 28.26 25.18C27.47 24.58 26.29 23.78 25.90 23.50C25.51 23.22 25.51 23.40 25.90 23.50C26.29 23.60 27.47 23.95 28.26 24.09C29.05 24.22 29.84 24.27 30.62 24.32C31.41 24.37 32.20 24.38 32.99 24.39C33.77 24.40 34.56 24.38 35.35 24.38C36.14 24.38 36.93 24.36 37.71 24.38C38.50 24.40 39.29 24.42 40.08 24.49C40.86 24.57 41.65 24.68 42.44 24.83C43.23 24.98 44.41 25.30 44.80 25.40Z
M22.60 44.80C22.21 44.41 20.93 43.23 20.27 42.44C19.62 41.65 19.04 40.86 18.65 40.08C18.26 39.29 18.03 38.50 17.95 37.71C17.87 36.93 17.97 36.14 18.18 35.35C18.39 34.56 18.77 33.77 19.22 32.99C19.67 32.20 20.27 31.41 20.87 30.62C21.47 29.84 22.21 29.05 22.82 28.26C23.42 27.47 24.22 26.29 24.50 25.90C24.78 25.51 24.60 25.51 24.50 25.90C24.40 26.29 24.05 27.47 23.91 28.26C23.78 29.05 23.73 29.84 23.68 30.62C23.63 31.41 23.62 32.20 23.61 32.99C23.60 33.77 23.62 34.56 23.62 35.35C23.62 36.14 23.64 36.93 23.62 37.71C23.60 38.50 23.58 39.29 23.51 40.08C23.43 40.86 23.32 41.65 23.17 42.44C23.02 43.23 22.70 44.41 22.60 44.80Z
M3.20 22.60C3.59 22.21 4.77 20.93 5.56 20.27C6.35 19.62 7.14 19.04 7.93 18.65C8.71 18.26 9.50 18.03 10.29 17.95C11.07 17.87 11.86 17.97 12.65 18.18C13.44 18.39 14.22 18.77 15.01 19.22C15.80 19.67 16.59 20.27 17.38 20.87C18.16 21.47 18.95 22.21 19.74 22.82C20.53 23.42 21.71 24.22 22.10 24.50C22.49 24.78 22.49 24.60 22.10 24.50C21.71 24.40 20.53 24.05 19.74 23.91C18.95 23.78 18.16 23.73 17.38 23.68C16.59 23.63 15.80 23.62 15.01 23.61C14.22 23.60 13.44 23.62 12.65 23.62C11.86 23.62 11.07 23.64 10.29 23.62C9.50 23.60 8.71 23.58 7.93 23.51C7.14 23.43 6.35 23.32 5.56 23.17C4.77 23.02 3.59 22.70 3.20 22.60Z
=== small ===
M25.40 2.40C25.85 2.79 27.32 3.97 28.08 4.76C28.83 5.55 29.48 6.34 29.91 7.12C30.34 7.91 30.59 8.70 30.66 9.49C30.74 10.27 30.62 11.06 30.37 11.85C30.12 12.64 29.68 13.42 29.17 14.21C28.67 15.00 27.99 15.79 27.33 16.57C26.67 17.36 25.86 18.15 25.22 18.94C24.58 19.73 23.79 20.91 23.50 21.30C23.21 21.69 23.45 21.69 23.50 21.30C23.55 20.91 23.78 19.73 23.82 18.94C23.86 18.15 23.79 17.36 23.74 16.57C23.70 15.79 23.61 15.00 23.56 14.21C23.50 13.42 23.43 12.64 23.40 11.85C23.38 11.06 23.36 10.27 23.41 9.49C23.46 8.70 23.54 7.91 23.69 7.12C23.85 6.34 24.08 5.55 24.36 4.76C24.65 3.97 25.23 2.79 25.40 2.40Z
M45.60 25.40C45.21 25.85 44.02 27.32 43.24 28.08C42.45 28.83 41.66 29.48 40.88 29.91C40.09 30.34 39.30 30.59 38.51 30.66C37.73 30.74 36.94 30.62 36.15 30.37C35.36 30.12 34.58 29.68 33.79 29.17C33.00 28.67 32.21 27.99 31.43 27.33C30.64 26.67 29.85 25.86 29.06 25.22C28.27 24.58 27.09 23.79 26.70 23.50C26.31 23.21 26.31 23.45 26.70 23.50C27.09 23.55 28.27 23.78 29.06 23.82C29.85 23.86 30.64 23.79 31.43 23.74C32.21 23.70 33.00 23.61 33.79 23.56C34.58 23.50 35.36 23.43 36.15 23.40C36.94 23.38 37.73 23.36 38.51 23.41C39.30 23.46 40.09 23.54 40.88 23.69C41.66 23.85 42.45 24.08 43.24 24.36C44.02 24.65 45.21 25.23 45.60 25.40Z
M22.60 45.60C22.15 45.21 20.68 44.02 19.92 43.24C19.17 42.45 18.52 41.66 18.09 40.88C17.66 40.09 17.41 39.30 17.34 38.51C17.26 37.73 17.38 36.94 17.63 36.15C17.88 35.36 18.32 34.58 18.83 33.79C19.33 33.00 20.01 32.21 20.67 31.43C21.33 30.64 22.14 29.85 22.78 29.06C23.42 28.27 24.21 27.09 24.50 26.70C24.79 26.31 24.55 26.31 24.50 26.70C24.45 27.09 24.22 28.27 24.18 29.06C24.14 29.85 24.21 30.64 24.26 31.43C24.30 32.21 24.39 33.00 24.44 33.79C24.50 34.58 24.57 35.36 24.60 36.15C24.62 36.94 24.64 37.73 24.59 38.51C24.54 39.30 24.46 40.09 24.31 40.88C24.15 41.66 23.92 42.45 23.64 43.24C23.35 44.02 22.77 45.21 22.60 45.60Z
M2.40 22.60C2.79 22.15 3.97 20.68 4.76 19.92C5.55 19.17 6.34 18.52 7.12 18.09C7.91 17.66 8.70 17.41 9.49 17.34C10.27 17.26 11.06 17.38 11.85 17.63C12.64 17.88 13.42 18.32 14.21 18.83C15.00 19.33 15.79 20.01 16.57 20.67C17.36 21.33 18.15 22.14 18.94 22.78C19.73 23.42 20.91 24.21 21.30 24.50C21.69 24.79 21.69 24.55 21.30 24.50C20.91 24.45 19.73 24.22 18.94 24.18C18.15 24.14 17.36 24.21 16.57 24.26C15.79 24.30 15.00 24.39 14.21 24.44C13.42 24.50 12.64 24.57 11.85 24.60C11.06 24.62 10.27 24.64 9.49 24.59C8.70 24.54 7.91 24.46 7.12 24.31C6.34 24.15 5.55 23.92 4.76 23.64C3.97 23.35 2.79 22.77 2.40 22.60Z
=== micro ===
M25.40 1.60C25.86 2.00 27.41 3.20 28.19 4.00C28.97 4.80 29.63 5.60 30.07 6.40C30.50 7.20 30.74 8.00 30.80 8.80C30.86 9.60 30.71 10.40 30.44 11.20C30.17 12.00 29.70 12.80 29.17 13.60C28.65 14.40 27.94 15.20 27.27 16.00C26.60 16.80 25.77 17.60 25.14 18.40C24.51 19.20 23.77 20.40 23.50 20.80C23.23 21.20 23.49 21.20 23.50 20.80C23.51 20.40 23.60 19.20 23.55 18.40C23.51 17.60 23.33 16.80 23.21 16.00C23.08 15.20 22.92 14.40 22.81 13.60C22.70 12.80 22.59 12.00 22.55 11.20C22.51 10.40 22.50 9.60 22.58 8.80C22.66 8.00 22.79 7.20 23.03 6.40C23.26 5.60 23.59 4.80 23.99 4.00C24.38 3.20 25.16 2.00 25.40 1.60Z
M46.40 25.40C46.00 25.86 44.80 27.41 44.00 28.19C43.20 28.97 42.40 29.63 41.60 30.07C40.80 30.50 40.00 30.74 39.20 30.80C38.40 30.86 37.60 30.71 36.80 30.44C36.00 30.17 35.20 29.70 34.40 29.17C33.60 28.65 32.80 27.94 32.00 27.27C31.20 26.60 30.40 25.77 29.60 25.14C28.80 24.51 27.60 23.77 27.20 23.50C26.80 23.23 26.80 23.49 27.20 23.50C27.60 23.51 28.80 23.60 29.60 23.55C30.40 23.51 31.20 23.33 32.00 23.21C32.80 23.08 33.60 22.92 34.40 22.81C35.20 22.70 36.00 22.59 36.80 22.55C37.60 22.51 38.40 22.50 39.20 22.58C40.00 22.66 40.80 22.79 41.60 23.03C42.40 23.26 43.20 23.59 44.00 23.99C44.80 24.38 46.00 25.16 46.40 25.40Z
M22.60 46.40C22.14 46.00 20.59 44.80 19.81 44.00C19.03 43.20 18.37 42.40 17.93 41.60C17.50 40.80 17.26 40.00 17.20 39.20C17.14 38.40 17.29 37.60 17.56 36.80C17.83 36.00 18.30 35.20 18.83 34.40C19.35 33.60 20.06 32.80 20.73 32.00C21.40 31.20 22.23 30.40 22.86 29.60C23.49 28.80 24.23 27.60 24.50 27.20C24.77 26.80 24.51 26.80 24.50 27.20C24.49 27.60 24.40 28.80 24.45 29.60C24.49 30.40 24.67 31.20 24.79 32.00C24.92 32.80 25.08 33.60 25.19 34.40C25.30 35.20 25.41 36.00 25.45 36.80C25.49 37.60 25.50 38.40 25.42 39.20C25.34 40.00 25.21 40.80 24.97 41.60C24.74 42.40 24.41 43.20 24.01 44.00C23.62 44.80 22.84 46.00 22.60 46.40Z
M1.60 22.60C2.00 22.14 3.20 20.59 4.00 19.81C4.80 19.03 5.60 18.37 6.40 17.93C7.20 17.50 8.00 17.26 8.80 17.20C9.60 17.14 10.40 17.29 11.20 17.56C12.00 17.83 12.80 18.30 13.60 18.83C14.40 19.35 15.20 20.06 16.00 20.73C16.80 21.40 17.60 22.23 18.40 22.86C19.20 23.49 20.40 24.23 20.80 24.50C21.20 24.77 21.20 24.51 20.80 24.50C20.40 24.49 19.20 24.40 18.40 24.45C17.60 24.49 16.80 24.67 16.00 24.79C15.20 24.92 14.40 25.08 13.60 25.19C12.80 25.30 12.00 25.41 11.20 25.45C10.40 25.49 9.60 25.50 8.80 25.42C8.00 25.34 7.20 25.21 6.40 24.97C5.60 24.74 4.80 24.41 4.00 24.01C3.20 23.62 2.00 22.84 1.60 22.60Z